32,0,805600,Tradicional
32,0,1035600,Tradicional
32,0,587900,Tradicional
32,0,946200,Tradicional
32,0,968500,Tradicional
32,0,925500,Tradicional
32,0,562500,Tradicional
32,0,989800,Tradicional
32,0,1135700,Tradicional
32,0,738600,Tradicional
64,0,4153700,Tradicional
64,0,5556700,Tradicional
64,0,5837000,Tradicional
64,0,7563400,Tradicional
64,0,6474900,Tradicional
64,0,7721400,Tradicional
64,0,7550900,Tradicional
64,0,6543800,Tradicional
64,0,7203000,Tradicional
64,0,8057800,Tradicional
128,0,33416600,Tradicional
128,0,55292000,Tradicional
128,0,25523800,Tradicional
128,0,42031800,Tradicional
128,0,11096700,Tradicional
128,0,11708700,Tradicional
128,0,13144600,Tradicional
128,0,8730300,Tradicional
128,0,8556700,Tradicional
128,0,8455500,Tradicional
256,0,63808700,Tradicional
256,0,65023500,Tradicional
256,0,66526500,Tradicional
256,0,71062200,Tradicional
256,0,64059400,Tradicional
256,0,63357100,Tradicional
256,0,63463100,Tradicional
256,0,63455000,Tradicional
256,0,65909800,Tradicional
256,0,62746600,Tradicional
512,0,849471100,Tradicional
512,0,763829600,Tradicional
512,0,711663100,Tradicional
512,0,679194800,Tradicional
512,0,891953800,Tradicional
512,0,827943900,Tradicional
512,0,660648400,Tradicional
512,0,666373500,Tradicional
512,0,684821300,Tradicional
512,0,690599200,Tradicional
1024,4,960460200,Tradicional
1024,4,903893300,Tradicional
1024,5,41127900,Tradicional
1024,5,206913500,Tradicional
1024,5,40829800,Tradicional
1024,4,944692900,Tradicional
1024,5,127252500,Tradicional
1024,5,105674400,Tradicional
1024,5,15567400,Tradicional
1024,4,890658000,Tradicional
2048,67,274251000,Tradicional
2048,64,948191000,Tradicional
2048,65,963817200,Tradicional
2048,64,687064400,Tradicional
2048,64,658966400,Tradicional
2048,65,121185300,Tradicional
2048,64,715717800,Tradicional
2048,65,533465900,Tradicional
2048,69,849125400,Tradicional
2048,66,396530100,Tradicional
4096,623,502182700,Tradicional
4096,612,920960600,Tradicional
4096,628,614955900,Tradicional
4096,616,414105600,Tradicional
4096,622,317905973,Tradicional
4096,632,563625742,Tradicional
4096,653,681324827,Tradicional
4096,625,068619089,Tradicional
4096,617,432124838,Tradicional
4096,619,667545875,Tradicional
32,0,921600,Strassenb16
32,0,1272600,Strassenb16
32,0,1223600,Strassenb16
32,0,847400,Strassenb16
32,0,1347600,Strassenb16
32,0,1056300,Strassenb16
32,0,1405100,Strassenb16
32,0,1693400,Strassenb16
32,0,1739400,Strassenb16
32,0,1219400,Strassenb16
64,0,6653500,Strassenb16
64,0,9734800,Strassenb16
64,0,9833500,Strassenb16
64,0,9431000,Strassenb16
64,0,7242800,Strassenb16
64,0,10205700,Strassenb16
64,0,11888300,Strassenb16
64,0,8305800,Strassenb16
64,0,8774700,Strassenb16
64,0,10500200,Strassenb16
128,0,62981800,Strassenb16
128,0,64568800,Strassenb16
128,0,46393400,Strassenb16
128,0,43061200,Strassenb16
128,0,22743900,Strassenb16
128,0,24373900,Strassenb16
128,0,25421100,Strassenb16
128,0,25920600,Strassenb16
128,0,28422100,Strassenb16
128,0,26576700,Strassenb16
256,0,260800100,Strassenb16
256,0,156422400,Strassenb16
256,0,116736900,Strassenb16
256,0,78088000,Strassenb16
256,0,81579300,Strassenb16
256,0,78055200,Strassenb16
256,0,74060300,Strassenb16
256,0,74510700,Strassenb16
256,0,78157300,Strassenb16
256,0,76581500,Strassenb16
512,0,911991900,Strassenb16
512,0,538076700,Strassenb16
512,0,538843000,Strassenb16
512,0,528666700,Strassenb16
512,0,555445600,Strassenb16
512,0,530873600,Strassenb16
512,0,531170000,Strassenb16
512,0,534393800,Strassenb16
512,0,559748100,Strassenb16
512,0,529031800,Strassenb16
1024,3,993197200,Strassenb16
1024,3,800506300,Strassenb16
1024,3,757596800,Strassenb16
1024,3,743541000,Strassenb16
1024,3,787319700,Strassenb16
1024,4,29117300,Strassenb16
1024,3,761474300,Strassenb16
1024,3,695132500,Strassenb16
1024,3,990656100,Strassenb16
1024,3,901141700,Strassenb16
2048,26,673327600,Strassenb16
2048,26,662675400,Strassenb16
2048,27,257838200,Strassenb16
2048,26,529587200,Strassenb16
2048,26,538794500,Strassenb16
2048,26,462568700,Strassenb16
2048,26,399214900,Strassenb16
2048,26,608996800,Strassenb16
2048,26,480100600,Strassenb16
2048,26,700128100,Strassenb16
4096,187,504891000,Strassenb16
4096,187,170373300,Strassenb16
4096,186,640608500,Strassenb16
4096,187,825181400,Strassenb16
4096,189,875129600,Strassenb16
4096,189,874595800,Strassenb16
4096,189,484957400,Strassenb16
4096,188,383029600,Strassenb16
4096,192,372416100,Strassenb16
4096,186,107188100,Strassenb16
32,0,15420800,Strassenb2
32,0,21068500,Strassenb2
32,0,19680500,Strassenb2
32,0,17613100,Strassenb2
32,0,22218400,Strassenb2
32,0,20670200,Strassenb2
32,0,17765200,Strassenb2
32,0,30418600,Strassenb2
32,0,11331300,Strassenb2
32,0,14286600,Strassenb2
64,0,116516000,Strassenb2
64,0,82003700,Strassenb2
64,0,79769400,Strassenb2
64,0,79461500,Strassenb2
64,0,80719400,Strassenb2
64,0,80946700,Strassenb2
64,0,81976100,Strassenb2
64,0,80457800,Strassenb2
64,0,80958400,Strassenb2
64,0,84008700,Strassenb2
128,0,205349700,Strassenb2
128,0,187950500,Strassenb2
128,0,225928600,Strassenb2
128,0,183213100,Strassenb2
128,0,162327200,Strassenb2
128,0,168244900,Strassenb2
128,0,170576300,Strassenb2
128,0,189714000,Strassenb2
128,0,174393300,Strassenb2
128,0,191206900,Strassenb2
256,1,342389500,Strassenb2
256,1,112605000,Strassenb2
256,1,126392000,Strassenb2
256,1,116867400,Strassenb2
256,1,101694000,Strassenb2
256,1,112108600,Strassenb2
256,1,105154500,Strassenb2
256,1,97421300,Strassenb2
256,1,108519000,Strassenb2
256,1,107772700,Strassenb2
512,8,388207600,Strassenb2
512,8,264745800,Strassenb2
512,8,108620600,Strassenb2
512,8,136459200,Strassenb2
512,8,71403600,Strassenb2
512,8,42320300,Strassenb2
512,8,176456900,Strassenb2
512,8,332314000,Strassenb2
512,8,251240800,Strassenb2
512,8,285237600,Strassenb2
1024,55,288167800,Strassenb2
1024,55,744591800,Strassenb2
1024,57,347122100,Strassenb2
1024,55,642921700,Strassenb2
1024,56,764734300,Strassenb2
1024,56,542212500,Strassenb2
1024,55,333377400,Strassenb2
1024,55,530008300,Strassenb2
1024,57,609793400,Strassenb2
1024,57,141194500,Strassenb2
2048,390,643662000,Strassenb2
2048,390,386339200,Strassenb2
2048,409,368337900,Strassenb2
4096,2992,459480300,Strassenb2
